data = ...
[159.99359131,-39.99839783,0.00000000;
159.99359131,39.99839783,0.00000000;
159.99359131,79.99679565,0.00000000;
159.99359131,0.00000000,0.00000000;
119.99519348,0.00000000,0.00000000;
199.99198914,39.99839783,0.00000000;
199.99198914,0.00000000,0.00000000;
159.99359131,0.00000000,0.00000000;
159.98719788,0.00000000,0.00000000;
159.99359131,39.99839783,0.00000000;
159.99359131,0.00000000,0.00000000;
159.98719788,0.00000000,0.00000000;
199.99198914,39.99839783,0.00000000;
159.99359131,79.99679565,0.00000000;
119.99519348,-39.99839783,0.00000000;
199.99198914,0.00000000,0.00000000;
159.99359131,79.99679565,0.00000000;
199.99198914,0.00000000,0.00000000;
159.99359131,0.00000000,0.00000000;
159.99359131,39.99839783,0.00000000;
119.99519348,39.99839783,0.00000000;
159.99359131,0.00000000,0.00000000;
159.99359131,0.00000000,0.00000000;
199.99198914,39.99839783,0.00000000;
119.99519348,0.00000000,0.00000000;
159.99359131,-39.99839783,0.00000000;
159.99359131,0.00000000,0.00000000;
159.99359131,119.99519348,0.00000000;
199.99198914,0.00000000,0.00000000;
159.98719788,0.00000000,0.00000000;
159.99359131,0.00000000,0.00000000;
199.98399353,0.00000000,0.00000000;
79.99679565,0.00000000,0.00000000;
199.98399353,0.00000000,0.00000000;
159.99359131,0.00000000,0.00000000;
159.99359131,0.00000000,0.00000000;
199.99198914,-39.99839783,0.00000000;
159.99359131,79.99679565,0.00000000;
159.99359131,39.99839783,0.00000000;
159.99359131,0.00000000,0.00000000;
159.99359131,0.00000000,0.00000000;
159.99359131,0.00000000,0.00000000;
199.99198914,0.00000000,0.00000000;
159.99359131,-39.99839783,0.00000000;
119.99519348,0.00000000,0.00000000;
159.99359131,0.00000000,0.00000000;
199.99198914,0.00000000,0.00000000;
159.99359131,0.00000000,0.00000000;
159.99359131,0.00000000,0.00000000;
199.99198914,-39.99839783,0.00000000;
119.99519348,0.00000000,0.00000000;
199.99198914,0.00000000,0.00000000;
159.99359131,0.00000000,0.00000000;
119.99519348,0.00000000,0.00000000;
199.99198914,-39.99839783,0.00000000;
159.99359131,39.99839783,0.00000000;
159.99359131,0.00000000,0.00000000;
159.99359131,0.00000000,0.00000000;
159.99359131,0.00000000,0.00000000;
199.99198914,39.99839783,0.00000000;
199.99198914,0.00000000,0.00000000;
119.99519348,0.00000000,0.00000000;
159.99359131,39.99839783,0.00000000;
159.99359131,0.00000000,0.00000000;
199.99198914,0.00000000,0.00000000;
159.99359131,39.99839783,0.00000000;
199.99198914,0.00000000,0.00000000;
159.98719788,-39.99679947,0.00000000;
119.99519348,0.00000000,0.00000000;
199.99198914,0.00000000,0.00000000;
159.99359131,0.00000000,0.00000000;
159.99359131,0.00000000,0.00000000;
199.99198914,0.00000000,0.00000000;
159.99359131,0.00000000,0.00000000;
159.99359131,-39.99839783,0.00000000;
159.99359131,0.00000000,0.00000000;
199.98399353,0.00000000,0.00000000;
159.99359131,0.00000000,0.00000000;
159.99359131,0.00000000,0.00000000;
199.99198914,0.00000000,0.00000000;
119.99519348,39.99839783,0.00000000;
199.99198914,0.00000000,0.00000000;
159.98719788,0.00000000,0.00000000;
199.99198914,0.00000000,0.00000000;
159.99359131,0.00000000,0.00000000;
159.99359131,0.00000000,0.00000000;
119.99519348,0.00000000,0.00000000;
199.99198914,0.00000000,0.00000000;
159.99359131,0.00000000,0.00000000;
159.99359131,0.00000000,0.00000000;
159.99359131,0.00000000,0.00000000;
159.99359131,0.00000000,0.00000000;
159.99359131,0.00000000,0.00000000;
159.99359131,0.00000000,0.00000000;
159.99359131,-39.99839783,0.00000000;
199.99198914,0.00000000,0.00000000;
159.99359131,0.00000000,0.00000000;
159.99359131,0.00000000,0.00000000;
199.99198914,0.00000000,0.00000000;
119.99039459,-39.99679947,0.00000000;
159.99359131,0.00000000,0.00000000;
159.99359131,0.00000000,0.00000000;
199.98399353,0.00000000,0.00000000;
159.99359131,0.00000000,0.00000000;
199.99198914,0.00000000,0.00000000;
119.99519348,0.00000000,0.00000000;
159.99359131,-39.99839783,0.00000000;
199.99198914,0.00000000,0.00000000;
159.99359131,0.00000000,0.00000000;
159.99359131,0.00000000,0.00000000;
159.99359131,0.00000000,0.00000000;
159.99359131,0.00000000,0.00000000;
159.99359131,0.00000000,0.00000000;
159.99359131,0.00000000,0.00000000;
159.99359131,0.00000000,0.00000000;
159.99359131,0.00000000,0.00000000;
159.99359131,0.00000000,0.00000000;
119.99519348,0.00000000,0.00000000;
159.99359131,0.00000000,0.00000000;
199.99198914,0.00000000,0.00000000;
159.94241333,0.00000000,0.00000000;
199.98399353,0.00000000,0.00000000;
159.99359131,0.00000000,0.00000000;
159.99359131,-39.99839783,0.00000000;
159.99359131,0.00000000,0.00000000;
159.99359131,0.00000000,0.00000000;
199.98399353,0.00000000,0.00000000;
159.99359131,-39.99839783,0.00000000;
159.99359131,0.00000000,0.00000000;
159.99359131,0.00000000,0.00000000;
159.99359131,0.00000000,0.00000000;
159.99359131,0.00000000,0.00000000;
159.99359131,0.00000000,0.00000000;
199.99198914,0.00000000,0.00000000;
159.99359131,0.00000000,0.00000000;
119.99519348,0.00000000,0.00000000;
199.99198914,0.00000000,0.00000000;
199.99198914,0.00000000,0.00000000;
159.98719788,-79.99359894,0.00000000;
159.99359131,79.99679565,0.00000000;
199.99198914,-39.99839783,0.00000000;
119.99039459,-79.99359894,0.00000000;
159.99359131,0.00000000,0.00000000;
199.99198914,0.00000000,0.00000000;
159.99359131,-39.99839783,0.00000000;
199.99198914,0.00000000,0.00000000;
119.99519348,0.00000000,0.00000000;
159.99359131,0.00000000,0.00000000;
199.99198914,-39.99839783,0.00000000;
159.99359131,0.00000000,0.00000000;
199.99198914,0.00000000,0.00000000;
199.99198914,0.00000000,0.00000000;
159.99359131,0.00000000,0.00000000;
159.98719788,0.00000000,0.00000000;
159.99359131,0.00000000,0.00000000;
159.99359131,-39.99839783,0.00000000;
159.99359131,39.99839783,0.00000000;
199.99198914,0.00000000,0.00000000;
159.99359131,-39.99839783,0.00000000;
119.99039459,0.00000000,0.00000000;
199.99198914,0.00000000,0.00000000;
159.99359131,-39.99839783,0.00000000;
199.99198914,0.00000000,0.00000000;
159.99359131,0.00000000,0.00000000;
159.99359131,0.00000000,0.00000000;
159.99359131,0.00000000,0.00000000;
159.99359131,0.00000000,0.00000000;
199.99198914,0.00000000,0.00000000;
159.99359131,0.00000000,0.00000000;
159.98719788,0.00000000,0.00000000;
199.99198914,0.00000000,0.00000000;
119.99519348,0.00000000,0.00000000;
199.99198914,0.00000000,0.00000000;
159.99359131,-39.99839783,0.00000000;
159.99359131,0.00000000,0.00000000;
199.99198914,0.00000000,0.00000000;
159.99359131,-39.99839783,0.00000000;
159.99359131,0.00000000,0.00000000;
159.99359131,0.00000000,0.00000000;
199.99198914,-39.99839783,0.00000000;
159.99359131,0.00000000,0.00000000;
159.99359131,0.00000000,0.00000000;
199.99198914,0.00000000,0.00000000;
119.99519348,0.00000000,0.00000000;
159.99359131,0.00000000,0.00000000;
199.99198914,0.00000000,0.00000000;
199.99198914,0.00000000,0.00000000;
159.98719788,0.00000000,0.00000000;
159.99359131,0.00000000,0.00000000;
159.99359131,-39.99839783,0.00000000;
199.99198914,0.00000000,0.00000000;
159.99359131,0.00000000,0.00000000;
199.99198914,0.00000000,0.00000000;
199.99198914,0.00000000,0.00000000;
159.99359131,0.00000000,0.00000000;
119.99519348,0.00000000,0.00000000;
199.99198914,0.00000000,0.00000000;
159.99359131,0.00000000,0.00000000;
159.99359131,0.00000000,0.00000000;
199.99198914,0.00000000,0.00000000;
159.99359131,0.00000000,0.00000000;
119.99519348,0.00000000,0.00000000;
159.99359131,0.00000000,0.00000000;
199.99198914,0.00000000,0.00000000;
159.99359131,0.00000000,0.00000000;
159.99359131,0.00000000,0.00000000;
199.99198914,0.00000000,0.00000000;
119.99519348,0.00000000,0.00000000;
199.99198914,39.99839783,0.00000000;
119.99519348,0.00000000,0.00000000;
199.99198914,0.00000000,0.00000000;
199.99198914,0.00000000,0.00000000;
159.99359131,0.00000000,0.00000000;
119.99519348,0.00000000,0.00000000;
199.99198914,0.00000000,0.00000000;
159.98719788,0.00000000,0.00000000;
199.98399353,0.00000000,0.00000000;
159.98719788,-39.99679947,0.00000000;
159.99359131,0.00000000,0.00000000;
